Temperature, Humidity, Pressure, Light
88.27, 32.97, 11.02, 0
87.81, 33.46, 14.05, 0
87.58, 33.52, 14.05, 0
87.45, 33.61, 14.05, 0
87.29, 33.69, 14.05, 0
87.09, 33.88, 14.05, 0
86.96, 33.91, 14.05, 0
86.90, 34.10, 14.05, 0
86.73, 34.23, 14.05, 0
86.64, 34.47, 14.05, 0
86.54, 34.56, 14.05, 0
86.47, 34.65, 14.05, 0
86.31, 34.69, 14.06, 0
86.28, 34.82, 14.05, 0
86.15, 34.91, 14.06, 0
86.05, 35.09, 14.06, 0
86.01, 35.18, 14.06, 0
85.85, 35.38, 14.05, 0
85.85, 35.63, 14.06, 0
85.88, 36.10, 14.06, 0
85.79, 36.00, 14.05, 0
85.66, 35.92, 14.06, 0
85.59, 35.74, 14.06, 0
85.56, 35.65, 14.05, 0
85.52, 35.62, 14.06, 0
85.49, 35.60, 14.06, 0
85.43, 35.55, 14.06, 0
85.36, 35.54, 14.06, 0
85.30, 35.64, 14.06, 0
85.23, 35.47, 14.06, 0
85.17, 35.24, 14.06, 0
85.13, 35.24, 14.06, 0
85.10, 35.23, 14.06, 0
85.07, 35.27, 14.06, 0
85.00, 35.36, 14.06, 0
84.94, 35.33, 14.06, 0
84.94, 35.37, 14.06, 0
84.87, 35.38, 14.06, 0
84.71, 35.38, 14.06, 0
84.84, 35.38, 14.06, 0
84.77, 35.42, 14.06, 0
84.74, 35.44, 14.06, 0
84.71, 35.39, 14.06, 0
84.64, 35.46, 14.06, 0
84.54, 35.59, 14.06, 0
84.64, 35.53, 14.06, 0
84.54, 35.60, 14.06, 0
84.51, 35.70, 14.06, 0
84.61, 35.81, 14.06, 0
84.58, 35.78, 14.06, 0
84.58, 35.87, 14.06, 0
84.54, 35.93, 14.06, 0
84.54, 35.95, 14.06, 0
84.54, 35.88, 14.06, 0
84.48, 35.95, 14.06, 0
84.54, 36.01, 14.06, 0
84.45, 35.98, 14.06, 0
84.51, 36.11, 14.06, 0
84.51, 36.22, 14.06, 0
84.48, 36.28, 14.06, 0
84.48, 36.18, 14.06, 0
84.45, 36.10, 14.06, 0
84.51, 36.15, 14.06, 0
84.45, 36.09, 14.06, 0
84.45, 36.17, 14.06, 0
84.41, 36.18, 14.06, 0
84.38, 36.36, 14.06, 0
84.38, 36.43, 14.06, 0
84.38, 36.41, 14.06, 0
84.41, 36.40, 14.06, 0
84.48, 36.39, 14.06, 0
84.48, 36.44, 14.06, 0
84.54, 36.41, 14.06, 0
84.54, 36.34, 14.06, 0
84.54, 36.35, 14.06, 0
84.54, 36.45, 14.06, 0
84.51, 36.35, 14.06, 0
84.48, 36.28, 14.06, 0
84.51, 36.27, 14.06, 0
84.51, 36.29, 14.06, 0
84.54, 36.29, 14.06, 0
84.58, 36.32, 14.06, 0
84.51, 36.33, 14.06, 0
84.48, 36.34, 14.06, 0
84.51, 36.31, 14.06, 0
84.51, 36.34, 14.06, 0
84.51, 36.29, 14.06, 0
84.51, 36.33, 14.06, 0
84.48, 36.43, 14.06, 0
84.51, 36.43, 14.06, 0
84.48, 36.48, 14.06, 0
84.48, 36.42, 14.06, 0
84.48, 36.39, 14.05, 0
84.48, 36.31, 14.06, 0
84.41, 36.32, 14.06, 0
84.45, 36.27, 14.05, 0
84.41, 36.28, 14.05, 0
84.38, 36.29, 14.06, 0
84.38, 36.24, 14.06, 0
84.38, 36.21, 14.06, 0
84.35, 36.15, 14.06, 0
84.38, 36.19, 14.05, 0
84.28, 36.14, 14.06, 0
84.32, 36.09, 14.06, 0
84.28, 36.13, 14.06, 0
84.28, 36.14, 14.06, 0
84.22, 36.20, 14.06, 0
84.19, 36.20, 14.06, 0
84.15, 36.17, 14.05, 0
84.19, 36.19, 14.05, 0
84.12, 36.22, 14.05, 0
84.09, 36.35, 14.05, 0
84.09, 36.25, 14.05, 0
84.02, 36.32, 14.05, 0
84.09, 36.35, 14.06, 0
84.12, 36.43, 14.06, 0
84.09, 36.44, 14.06, 0
84.05, 36.44, 14.05, 0
84.05, 36.42, 14.05, 0
84.05, 36.40, 14.06, 0
84.05, 36.42, 14.05, 0
84.02, 36.29, 14.05, 0
84.05, 36.31, 14.06, 0
84.05, 36.32, 14.06, 0
84.02, 36.25, 14.06, 0
84.02, 36.18, 14.05, 0
84.12, 36.24, 14.05, 0
83.99, 36.19, 14.06, 0
83.99, 36.19, 14.06, 0
83.96, 36.13, 14.06, 0
83.96, 36.15, 14.06, 0
84.02, 36.15, 14.06, 0
83.99, 36.04, 14.06, 0
84.02, 36.06, 14.06, 0
83.99, 36.09, 14.05, 0
84.02, 35.99, 14.06, 0
84.02, 35.93, 14.06, 0
83.99, 35.89, 14.06, 0
84.05, 35.94, 14.06, 0
83.99, 35.91, 14.06, 0
84.02, 35.82, 14.06, 0
83.92, 35.88, 14.06, 0
83.92, 35.81, 14.06, 0
84.02, 35.85, 14.06, 0
83.99, 35.77, 14.06, 0
83.92, 35.85, 14.06, 0
84.02, 35.79, 14.06, 0
83.96, 35.79, 14.06, 0
83.96, 35.70, 14.06, 0
83.92, 35.65, 14.06, 0
83.99, 35.67, 14.06, 0
83.99, 35.62, 14.06, 0
84.02, 35.59, 14.06, 0
84.02, 35.59, 14.06, 0
83.99, 35.55, 14.06, 0
84.02, 35.49, 14.06, 0
83.99, 35.58, 14.06, 0
84.02, 35.62, 14.06, 0
83.99, 35.57, 14.06, 0
83.92, 35.59, 14.06, 0
83.89, 35.51, 14.06, 0
83.96, 35.47, 14.06, 0
83.96, 35.45, 14.06, 0
83.89, 35.47, 14.06, 0
83.89, 35.45, 14.06, 0
83.92, 35.44, 14.06, 0
83.89, 35.52, 14.06, 0
83.86, 35.44, 14.06, 0
83.92, 35.44, 14.06, 0
83.92, 35.46, 14.06, 0
83.89, 35.47, 14.06, 0
83.89, 35.50, 14.06, 0
83.86, 35.36, 14.06, 0
83.86, 35.30, 14.06, 0
83.89, 35.41, 14.06, 0
83.89, 35.38, 14.06, 0
83.89, 35.39, 14.06, 0
83.79, 35.31, 14.06, 0
83.83, 35.29, 14.06, 0
83.83, 35.30, 14.06, 0
83.86, 35.33, 14.06, 0
83.86, 35.33, 14.06, 0
83.83, 35.37, 14.06, 0
83.89, 35.35, 14.06, 0
83.79, 35.33, 14.06, 0
83.83, 35.28, 14.06, 0
83.83, 35.20, 14.06, 0
83.76, 35.25, 14.06, 0
83.79, 35.29, 14.06, 0
83.79, 35.26, 14.06, 0
83.76, 35.26, 14.06, 0
83.79, 35.29, 14.06, 0
83.76, 35.33, 14.06, 0
83.76, 35.32, 14.06, 0
83.73, 35.27, 14.06, 0
83.79, 35.24, 14.06, 0
83.73, 35.26, 14.06, 0
83.79, 35.26, 14.06, 0
83.79, 35.19, 14.06, 0
83.73, 35.22, 14.06, 0
83.86, 35.30, 14.06, 0
83.79, 35.33, 14.06, 0
83.76, 35.30, 14.06, 0
83.73, 35.30, 14.06, 0
83.66, 35.30, 14.06, 0
83.73, 35.32, 14.06, 0
83.76, 35.30, 14.06, 0
83.79, 35.24, 14.06, 0
83.73, 35.19, 14.06, 0
83.66, 35.20, 14.06, 0
83.69, 35.15, 14.06, 0
83.69, 35.11, 14.06, 0
83.73, 35.08, 14.06, 0
83.69, 35.05, 14.06, 0
83.76, 35.15, 14.06, 0
83.73, 35.17, 14.06, 0
83.76, 35.13, 14.06, 0
83.69, 35.15, 14.06, 0
83.73, 35.12, 14.06, 0
83.79, 35.04, 14.06, 0
83.69, 34.91, 14.06, 0
83.76, 34.96, 14.06, 0
83.73, 34.89, 14.06, 0
83.69, 34.88, 14.06, 0
83.76, 34.92, 14.06, 0
83.76, 34.87, 14.06, 0
83.63, 34.85, 14.06, 0
83.66, 34.91, 14.06, 0
83.76, 34.77, 14.06, 0
83.66, 34.87, 14.06, 0
83.69, 34.82, 14.06, 0
83.63, 34.81, 14.05, 0
83.63, 34.79, 14.05, 0
83.79, 34.80, 14.05, 0
83.73, 34.83, 14.05, 0
83.66, 34.83, 14.05, 0
83.69, 34.76, 14.05, 0
83.76, 34.77, 14.06, 0
83.73, 34.79, 14.06, 0
83.66, 34.72, 14.05, 0
83.66, 34.67, 14.05, 0
83.69, 34.69, 14.05, 0
83.73, 34.67, 14.05, 0
83.79, 34.73, 14.05, 0
83.73, 34.71, 14.05, 0
83.79, 34.68, 14.05, 0
83.76, 34.67, 14.05, 0
83.66, 34.67, 14.05, 0
83.73, 34.70, 14.05, 0
83.73, 34.75, 14.05, 0
83.73, 34.74, 14.05, 0
83.66, 34.72, 14.05, 0
83.76, 34.75, 14.05, 0
83.73, 34.78, 14.05, 0
83.73, 34.83, 14.05, 0
83.76, 34.90, 14.05, 0
83.73, 34.91, 14.05, 0
83.76, 34.89, 14.05, 0
83.66, 34.85, 14.05, 0
83.66, 34.89, 14.05, 0
83.69, 34.89, 14.05, 0
83.73, 34.91, 14.05, 0
83.76, 34.81, 14.05, 0
83.76, 34.81, 14.05, 0
83.69, 34.68, 14.05, 0
83.73, 34.69, 14.05, 0
83.76, 34.73, 14.05, 0
83.73, 34.71, 14.05, 0
83.73, 34.72, 14.05, 0
83.73, 34.76, 14.05, 0
83.69, 34.78, 14.05, 0
83.69, 34.75, 14.05, 0
83.76, 34.78, 14.05, 0
83.69, 34.74, 14.05, 0
83.69, 34.75, 14.05, 0
83.73, 34.81, 14.05, 0
83.69, 34.73, 14.05, 0
83.73, 34.74, 14.05, 0
83.79, 34.76, 14.05, 0
83.69, 34.81, 14.05, 0
83.73, 34.67, 14.05, 0
83.73, 34.64, 14.05, 0
83.73, 34.69, 14.05, 0
83.73, 34.66, 14.05, 0
83.69, 34.69, 14.05, 0
83.73, 34.63, 14.05, 0
83.73, 34.63, 14.05, 0
83.69, 34.60, 14.05, 0
83.73, 34.54, 14.05, 0
83.76, 34.63, 14.05, 0
83.73, 34.58, 14.05, 0
83.76, 34.57, 14.05, 0
83.76, 34.61, 14.05, 0
83.79, 34.61, 14.05, 0
83.79, 34.58, 14.05, 0
83.79, 34.61, 14.05, 0
83.73, 34.61, 14.05, 0
83.76, 34.57, 14.05, 0
83.73, 34.60, 14.05, 0
83.69, 34.58, 14.05, 0
83.76, 34.64, 14.05, 0
83.66, 34.59, 14.05, 0
83.76, 34.59, 14.05, 0
83.73, 34.52, 14.05, 0
83.76, 34.55, 14.05, 0
83.73, 34.55, 14.05, 0
83.76, 34.55, 14.05, 0
83.73, 34.49, 14.05, 0
83.73, 34.48, 14.05, 0
83.73, 34.56, 14.05, 0
83.69, 34.52, 14.05, 0
83.69, 34.58, 14.05, 0
83.76, 34.55, 14.05, 0
83.76, 34.60, 14.05, 0
83.79, 34.54, 14.05, 0
83.86, 34.59, 14.05, 0
83.83, 34.59, 14.05, 0
83.83, 34.52, 14.05, 0
83.76, 34.44, 14.05, 0
83.79, 34.44, 14.05, 0
83.79, 34.49, 14.05, 0
83.73, 34.52, 14.05, 0
83.89, 34.49, 14.05, 0
83.79, 34.46, 14.05, 0
83.83, 34.44, 14.05, 0
83.83, 34.37, 14.05, 0
83.86, 34.46, 14.05, 0
83.76, 34.53, 14.05, 0
83.76, 34.48, 14.05, 0
83.83, 34.57, 14.05, 0
83.83, 34.52, 14.05, 0
83.83, 34.51, 14.05, 0
83.73, 34.63, 14.05, 0
83.79, 34.79, 14.05, 0
83.76, 34.85, 14.05, 0
83.86, 35.13, 14.05, 0
83.79, 34.98, 14.05, 0
83.79, 34.92, 14.05, 0
83.86, 34.88, 14.05, 0
83.86, 34.82, 14.05, 0
83.92, 34.91, 14.05, 0
83.79, 35.13, 14.05, 0
83.86, 35.09, 14.05, 0
83.89, 35.25, 14.05, 0
83.96, 35.74, 14.05, 0
83.96, 36.00, 14.05, 0
84.02, 36.20, 14.05, 0
84.02, 36.24, 14.05, 0
84.05, 36.11, 14.05, 0
84.02, 35.89, 14.05, 0
84.12, 35.62, 14.05, 0
84.12, 35.41, 14.05, 0
84.02, 35.26, 14.05, 0
84.09, 35.18, 14.05, 0
84.02, 35.09, 14.05, 0
83.99, 35.08, 14.05, 0
83.99, 35.13, 14.05, 0
83.99, 35.11, 14.05, 0
83.99, 35.01, 14.05, 0
83.99, 35.12, 14.05, 0
83.99, 35.09, 14.05, 0
83.99, 35.25, 14.05, 0
84.02, 35.27, 14.05, 0
83.96, 35.41, 14.05, 0
83.99, 35.42, 14.05, 0
84.05, 35.40, 14.05, 0
84.05, 35.60, 14.05, 0
84.02, 35.69, 14.05, 0
84.02, 35.68, 14.05, 0
84.09, 35.62, 14.05, 0
84.12, 35.63, 14.05, 0
84.05, 35.76, 14.05, 0
84.02, 35.84, 14.05, 0
84.05, 35.90, 14.05, 0
84.05, 35.91, 14.05, 0
84.05, 35.91, 14.05, 0
84.02, 35.78, 14.05, 0
83.99, 35.80, 14.05, 0
84.05, 35.78, 14.05, 0
84.09, 35.71, 14.05, 0
84.09, 35.65, 14.05, 0
84.05, 35.61, 14.05, 0
84.09, 35.61, 14.05, 0
84.05, 35.62, 14.05, 0
83.96, 35.63, 14.05, 0
84.02, 35.69, 14.05, 0
84.05, 35.75, 14.05, 0
83.89, 35.78, 14.05, 0
83.99, 35.81, 14.05, 0
83.99, 35.76, 14.05, 0
83.99, 35.85, 14.05, 0
84.02, 35.87, 14.05, 0
83.99, 35.90, 14.05, 0
84.02, 35.80, 14.05, 0
84.02, 35.90, 14.05, 0
84.05, 35.95, 14.05, 0
84.02, 36.02, 14.05, 0
84.02, 36.02, 14.05, 0
84.05, 36.01, 14.05, 0
84.02, 35.99, 14.05, 0
84.05, 36.10, 14.05, 0
83.99, 36.14, 14.05, 0
83.96, 36.12, 14.05, 0
83.99, 36.08, 14.06, 0
84.05, 36.05, 14.06, 0
84.05, 35.98, 14.06, 0
84.15, 36.19, 14.06, 0
84.22, 36.22, 14.06, 0
84.28, 36.25, 14.06, 0
84.41, 36.47, 14.06, 0
84.48, 36.69, 14.06, 0
84.51, 36.63, 14.06, 0
84.61, 36.82, 14.06, 0
84.61, 36.86, 14.07, 0
84.74, 36.86, 14.07, 0
84.84, 36.77, 14.07, 0
84.90, 36.70, 14.07, 0
84.90, 36.62, 14.07, 0
84.94, 36.52, 14.07, 0
84.94, 36.46, 14.07, 0
84.97, 36.33, 14.07, 0
84.97, 36.34, 14.07, 0
85.00, 36.28, 14.07, 0
84.97, 36.19, 14.07, 0
85.10, 36.27, 14.07, 0
85.13, 36.16, 14.07, 0
85.13, 36.11, 14.07, 0
85.20, 36.12, 14.07, 0
85.33, 36.09, 14.07, 0
85.30, 36.19, 14.07, 0
85.36, 36.20, 14.07, 0
85.33, 36.15, 14.07, 0
85.30, 36.01, 14.07, 0
85.26, 35.93, 14.07, 0
85.23, 35.80, 14.07, 0
85.26, 35.76, 14.07, 0
85.20, 35.74, 14.07, 0
85.20, 35.73, 14.07, 0
85.17, 35.64, 14.07, 0
85.17, 35.64, 14.07, 0
85.10, 35.66, 14.07, 0
85.07, 35.57, 14.07, 0
85.00, 35.51, 14.07, 0
85.00, 35.53, 14.07, 0
84.97, 35.61, 14.07, 0
84.94, 35.56, 14.07, 0
84.94, 35.59, 14.07, 0
84.94, 35.62, 14.07, 0
84.90, 35.71, 14.07, 0
85.00, 35.91, 14.07, 0
85.20, 36.12, 14.07, 0
85.30, 36.22, 14.07, 0
85.33, 36.35, 14.07, 0
85.46, 36.31, 14.07, 0
85.59, 36.20, 14.07, 0
85.52, 36.03, 14.07, 0
85.49, 35.89, 14.07, 0
85.43, 35.73, 14.07, 0
85.46, 35.67, 14.07, 0
85.46, 35.57, 14.07, 0
85.39, 35.63, 14.07, 0
85.49, 35.66, 14.07, 0
85.52, 35.71, 14.07, 0
85.49, 35.85, 14.07, 0
85.59, 36.10, 14.07, 0
85.59, 36.22, 14.07, 0
85.62, 36.13, 14.07, 0
85.69, 35.92, 14.07, 0
85.69, 35.93, 14.07, 0
85.75, 35.87, 14.07, 0
85.75, 35.75, 14.07, 0
85.82, 35.68, 14.07, 0
85.85, 35.59, 14.07, 0
85.88, 35.55, 14.07, 0
85.85, 35.56, 14.07, 0
85.88, 35.47, 14.07, 0
85.88, 35.55, 14.07, 0
85.92, 35.43, 14.07, 0
85.92, 35.40, 14.07, 0
85.85, 35.39, 14.07, 0
85.92, 35.50, 14.07, 0
85.92, 35.49, 14.07, 0
85.88, 35.45, 14.07, 0
85.88, 35.44, 14.07, 0
85.82, 35.43, 14.07, 0
85.82, 35.52, 14.07, 0
85.82, 35.45, 14.07, 0
85.85, 35.43, 14.07, 0
85.82, 35.47, 14.08, 0
85.85, 35.43, 14.07, 0
85.88, 35.46, 14.07, 0
85.92, 35.42, 14.07, 0
85.95, 35.43, 14.07, 0
86.05, 35.32, 14.07, 0
86.01, 35.36, 14.07, 0
86.05, 35.33, 14.07, 0
85.98, 35.40, 14.07, 0
86.01, 35.47, 14.07, 0
86.08, 35.56, 14.07, 0
86.08, 35.62, 14.07, 0
86.11, 35.76, 14.07, 0
86.05, 35.68, 14.07, 0
86.05, 35.56, 14.07, 0
85.92, 35.52, 14.07, 0
85.95, 35.43, 14.07, 0
85.98, 35.42, 14.07, 0
85.88, 35.44, 14.07, 0
85.88, 35.32, 14.07, 0
85.82, 35.37, 14.07, 0
85.88, 35.34, 14.07, 0
85.95, 35.35, 14.07, 0
85.95, 35.41, 14.07, 0
86.05, 35.51, 14.07, 0
86.11, 35.52, 14.07, 0
86.08, 35.42, 14.07, 0
86.11, 35.36, 14.07, 0
86.08, 35.28, 14.07, 0
86.11, 35.27, 14.07, 0
86.21, 35.21, 14.07, 0
86.21, 35.28, 14.07, 0
86.18, 35.17, 14.07, 0
86.18, 35.27, 14.07, 0
86.18, 35.23, 14.07, 0
86.15, 35.21, 14.07, 0
86.11, 35.22, 14.07, 0
86.18, 35.32, 14.07, 0
86.05, 35.22, 14.07, 0
86.11, 35.21, 14.07, 0
86.01, 35.17, 14.07, 0
86.08, 35.20, 14.07, 0
86.05, 35.25, 14.07, 0
86.05, 35.22, 14.07, 0
86.05, 35.23, 14.07, 0
86.05, 35.26, 14.07, 0
86.08, 35.33, 14.07, 0
86.18, 35.33, 14.07, 0
86.11, 35.30, 14.07, 0
86.15, 35.17, 14.07, 0
86.24, 35.19, 14.07, 0
86.31, 35.21, 14.07, 0
86.24, 35.15, 14.07, 0
86.28, 35.07, 14.07, 0
86.24, 35.09, 14.07, 0
86.18, 34.96, 14.07, 0
86.21, 34.91, 14.07, 0
86.15, 34.90, 14.07, 0
86.11, 34.84, 14.07, 0
86.11, 34.87, 14.07, 0
86.05, 34.83, 14.07, 0
86.11, 34.81, 14.07, 0
86.05, 34.86, 14.07, 0
86.08, 34.96, 14.07, 0
86.05, 34.92, 14.07, 0
86.11, 35.02, 14.07, 0
86.05, 35.08, 14.07, 0
86.01, 35.09, 14.07, 0
86.05, 35.07, 14.07, 0
86.01, 35.10, 14.07, 0
86.01, 35.18, 14.07, 0
86.01, 35.09, 14.07, 0
86.01, 35.13, 14.07, 0
85.98, 35.05, 14.07, 0
85.92, 34.96, 14.07, 0
85.92, 34.97, 14.07, 0
85.92, 34.99, 14.07, 0
85.82, 35.00, 14.07, 0
85.79, 34.95, 14.07, 0
85.75, 35.07, 14.07, 0
85.72, 34.99, 14.07, 0
85.69, 35.14, 14.07, 0
85.72, 35.07, 14.07, 0
85.79, 35.19, 14.07, 0
85.79, 35.10, 14.07, 0
85.82, 35.16, 14.07, 0
85.88, 35.16, 14.07, 0
85.92, 35.11, 14.07, 0
85.98, 35.07, 14.07, 0
85.95, 35.16, 14.07, 0
85.98, 35.09, 14.07, 0
85.98, 35.09, 14.07, 0
86.01, 35.11, 14.07, 0
86.01, 35.04, 14.07, 0
85.95, 35.01, 14.07, 0
86.05, 34.96, 14.07, 0
86.08, 35.13, 14.07, 0
86.08, 35.08, 14.07, 0
86.05, 35.07, 14.07, 0
86.01, 35.10, 14.07, 0
85.92, 35.13, 14.07, 0
86.01, 35.28, 14.07, 0
86.01, 35.42, 14.07, 0
85.95, 35.43, 14.07, 0
86.01, 35.41, 14.07, 0
86.11, 35.58, 14.07, 0
86.08, 35.49, 14.07, 0
86.05, 35.51, 14.07, 0
86.11, 35.47, 14.07, 0
86.24, 35.36, 14.07, 0
86.24, 35.28, 14.07, 0
86.37, 35.23, 14.07, 0
86.31, 35.20, 14.07, 0
86.34, 35.18, 14.07, 0
86.41, 35.15, 14.07, 0
86.44, 35.02, 14.07, 0
86.47, 34.96, 14.07, 0
86.44, 34.90, 14.07, 0
86.41, 34.99, 14.07, 0
86.47, 34.89, 14.07, 0
86.51, 34.82, 14.07, 0
86.54, 35.02, 14.07, 0
86.70, 34.87, 14.07, 0
86.96, 34.83, 14.07, 0
87.09, 34.88, 14.07, 0
87.19, 34.72, 14.07, 0
87.45, 34.74, 14.07, 0
87.65, 34.57, 14.07, 0
87.71, 34.50, 14.07, 0
87.84, 34.47, 14.07, 0
87.91, 34.36, 14.07, 0
88.11, 34.28, 14.07, 0
88.17, 34.15, 14.07, 0
88.20, 34.13, 14.07, 0
88.27, 34.03, 14.07, 0
88.27, 34.05, 14.07, 0
88.27, 34.00, 14.07, 0
88.30, 33.89, 14.07, 0
88.33, 33.84, 14.07, 0
88.33, 33.80, 14.07, 0
88.40, 33.76, 14.07, 0
88.40, 33.71, 14.07, 0
88.47, 33.71, 14.07, 0
88.50, 33.71, 14.07, 0
88.63, 33.55, 14.07, 0
88.66, 33.52, 14.07, 0
88.79, 33.46, 14.07, 0
88.89, 33.53, 14.07, 0
88.99, 33.58, 14.07, 0
88.96, 33.61, 14.07, 0
89.12, 33.71, 14.07, 0
89.15, 34.01, 14.07, 0
89.38, 34.10, 14.07, 0
89.48, 34.20, 14.07, 0
89.64, 34.13, 14.07, 0
89.77, 34.04, 14.07, 0
90.13, 34.11, 14.07, 0
90.49, 33.99, 14.07, 0
90.92, 33.77, 14.07, 0
91.34, 33.53, 14.07, 0
91.64, 33.41, 14.07, 0
92.09, 33.42, 14.07, 0
92.35, 33.33, 14.07, 0
92.75, 33.07, 14.07, 0
92.91, 32.87, 14.07, 0
93.27, 32.61, 14.07, 0
93.50, 32.40, 14.07, 0
93.63, 32.32, 14.07, 0
93.76, 32.10, 14.07, 0
93.99, 31.96, 14.07, 0
94.02, 31.86, 14.07, 0
94.12, 31.85, 14.07, 0
94.09, 31.76, 14.07, 0
94.02, 31.70, 14.07, 0
94.05, 31.44, 14.07, 0
93.96, 31.30, 14.07, 0
93.96, 31.26, 14.07, 0
94.12, 31.23, 14.07, 0
94.12, 31.21, 14.07, 0
94.22, 31.18, 14.07, 0
94.38, 31.05, 14.07, 0
94.45, 30.96, 14.07, 0
94.67, 30.76, 14.07, 0
94.67, 30.64, 14.07, 0
94.87, 30.52, 14.07, 0
95.00, 30.42, 14.07, 0
95.16, 30.30, 14.07, 0
95.16, 30.20, 14.07, 0
95.23, 30.15, 14.07, 0
95.20, 30.07, 14.07, 0
95.23, 30.11, 14.07, 0
95.16, 30.01, 14.07, 0
94.77, 30.35, 14.07, 0
94.05, 30.52, 14.07, 0
93.56, 30.45, 14.07, 0
93.04, 30.37, 14.07, 0
92.62, 30.46, 14.07, 0
92.26, 30.78, 14.07, 0
91.93, 31.07, 14.07, 0
91.60, 31.34, 14.07, 0
91.34, 31.68, 14.07, 0
90.88, 31.72, 14.07, 0
90.62, 31.73, 14.07, 0
90.30, 31.73, 14.07, 0
90.07, 31.82, 14.07, 0
89.74, 31.89, 14.07, 0
89.48, 32.14, 14.07, 0
89.22, 32.31, 14.07, 0
88.96, 32.34, 14.07, 0
88.83, 32.55, 14.07, 0
88.56, 32.65, 14.07, 0
88.43, 32.70, 14.07, 0
88.27, 32.76, 14.07, 0
88.17, 32.95, 14.07, 0
87.98, 33.00, 14.07, 0
87.81, 33.20, 14.07, 0
87.68, 33.36, 14.07, 0
87.71, 33.73, 14.07, 0
87.45, 33.79, 14.07, 0
87.29, 33.93, 14.07, 0
87.16, 33.91, 14.07, 0
87.13, 33.91, 14.07, 0
86.96, 33.95, 14.07, 0
86.90, 34.10, 14.07, 0
86.90, 34.39, 14.07, 0
86.70, 34.54, 14.07, 0
86.73, 34.56, 14.07, 0
86.54, 34.68, 14.07, 0
86.47, 34.74, 14.07, 0
86.47, 34.85, 14.07, 0
86.37, 35.02, 14.07, 0
86.41, 35.42, 14.07, 0
86.37, 35.62, 14.07, 0
86.28, 35.64, 14.07, 0
86.24, 35.60, 14.07, 0
86.08, 35.40, 14.07, 0
85.98, 35.38, 14.07, 0
85.98, 35.30, 14.07, 0
86.05, 35.19, 14.07, 0
85.95, 35.32, 14.07, 0
85.85, 35.19, 14.07, 0
85.82, 35.22, 14.07, 0
85.82, 35.32, 14.07, 0
85.75, 35.43, 14.07, 0
85.79, 35.51, 14.07, 0
85.69, 35.74, 14.07, 0
85.66, 35.74, 14.07, 0
85.59, 35.77, 14.07, 0
85.59, 35.89, 14.07, 0
85.56, 35.75, 14.07, 0
85.56, 35.79, 14.07, 0
85.59, 35.83, 14.07, 0
85.52, 35.81, 14.07, 0
85.36, 35.86, 14.07, 0
85.43, 36.04, 14.07, 0
85.49, 36.14, 14.07, 0
85.36, 36.18, 14.07, 0
85.36, 36.11, 14.07, 0
85.26, 36.28, 14.07, 0
85.17, 36.11, 14.07, 0
85.17, 36.14, 14.07, 0
85.17, 36.14, 14.07, 0
85.13, 36.14, 14.07, 0
85.17, 36.14, 14.07, 0
85.17, 36.28, 14.07, 0
85.13, 36.53, 14.07, 0
85.13, 36.66, 14.07, 0
85.03, 36.78, 14.07, 0
85.10, 36.76, 14.07, 0
85.10, 36.84, 14.07, 0
85.10, 36.94, 14.07, 0
85.17, 37.08, 14.07, 0
85.03, 36.99, 14.07, 0
84.97, 36.88, 14.07, 0
84.97, 36.93, 14.07, 0
84.94, 36.85, 14.07, 0
85.00, 36.93, 14.07, 0
85.03, 37.33, 14.07, 0
85.00, 37.40, 14.07, 0
85.00, 37.58, 14.07, 0
84.97, 37.32, 14.07, 0
85.00, 37.12, 14.07, 0
84.97, 36.98, 14.07, 0
84.97, 36.82, 14.07, 0
84.90, 36.69, 14.07, 0
84.90, 36.57, 14.07, 0
84.94, 36.50, 14.07, 0
84.87, 36.46, 14.07, 0
84.71, 36.48, 14.07, 0
84.81, 36.60, 14.07, 0
84.84, 37.20, 14.07, 0
84.74, 37.16, 14.07, 0
84.71, 37.07, 14.07, 0
84.77, 37.16, 14.07, 0
84.71, 37.05, 14.07, 0
84.68, 37.13, 14.07, 0
84.64, 37.10, 14.07, 0
84.68, 37.02, 14.07, 0
84.61, 36.91, 14.07, 0
84.64, 36.97, 14.07, 0
84.51, 36.96, 14.07, 0
84.61, 37.00, 14.07, 0
84.45, 36.91, 14.07, 0
84.58, 36.90, 14.07, 0
84.51, 36.83, 14.07, 0
84.48, 36.80, 14.07, 0
84.48, 36.79, 14.07, 0
84.48, 36.81, 14.07, 0
84.45, 36.84, 14.07, 0
84.38, 36.88, 14.07, 0
84.38, 36.90, 14.07, 0
84.38, 36.87, 14.07, 0
84.45, 37.15, 14.07, 0
84.51, 37.18, 14.07, 0
84.51, 37.38, 14.07, 0
84.48, 37.58, 14.07, 0
84.51, 37.56, 14.07, 0
84.48, 37.42, 14.07, 0
84.51, 37.58, 14.07, 0
84.38, 37.40, 14.07, 0
84.45, 37.28, 14.07, 0
84.48, 37.61, 14.07, 0
84.54, 37.80, 14.07, 0
84.58, 37.89, 14.07, 0
