1603468965.4968698,56.138000000000005,94.26,76.1069,42,4
1603468970.9854035,65.53399999999999,70.83,99.71430000000001,42,36
1603468976.44884,65.49799999999999,70.88,99.70960000000001,41,12
1603468981.9579077,65.606,70.84,99.7137,93,555
1603469002.6825345,65.336,71.25,99.70530000000001,38,71
1603469008.1745481,65.048,71.64,99.711,40,31
1603469013.634065,64.994,71.72,99.71430000000001,39,22
1603469019.0945003,64.958,71.62,99.7127,39,30
1603469024.5543272,64.958,71.74,99.71430000000001,38,6
1603469030.0145109,65.03,71.7,99.7114,37,12
1603469036.985995,64.922,71.79,99.7087,39,9
1603469042.4456408,64.958,71.88,99.70989999999999,39,17
1603469047.9059324,64.994,71.73,99.7105,40,44
1603469053.4145353,65.084,71.79,99.7092,42,137
1603469058.8747668,65.084,71.76,99.7078,39,14
1603469064.3349657,65.084,71.77,99.7075,38,45
1603469069.7946715,65.084,71.81,99.71419999999999,38,11
1603469075.2547302,65.156,71.67,99.7093,38,6
1603469082.2748184,65.12,71.64,99.7054,38,4
1603469087.734283,65.156,71.8,99.7063,38,23
1603469093.1951227,65.156,71.62,99.7058,38,21
1603469098.6531544,65.21000000000001,71.57,99.70660000000001,40,19
